NMI:  0.5384479440693207
Purity:  0.5084368035657434